2.764052345967663804e+00 -5.998427916327766507e-01
1.978737984105739312e+00 1.240893199201457797e+00
2.867557990149967484e+00 -1.977277879876411015e+00
1.950088417525589257e+00 -1.151357208297697943e+00
8.967811482064421691e-01 -5.894014980616276711e-01
1.144043571160878070e+00 4.542735069629750821e-01
1.761037725146993527e+00 -8.783249835071715861e-01
1.443863232745425718e+00 -6.663256726257331675e-01
2.494079073157606352e+00 -1.205158263765800930e+00
1.313067701650901364e+00 -1.854095739301724777e+00
-1.552989815834078691e+00 -3.463814045596393942e-01
1.864436198859505733e+00 -1.742165020406441833e+00
3.269754623987607633e+00 -2.454365674598764535e+00
1.045758517301446089e+00 -1.187183850025833598e+00
2.532779214358457764e+00 4.693587699002850222e-01
1.154947425696916330e+00 -6.218374803978263810e-01
1.122142523698872463e-01 -2.980796468223926965e+00
6.520878506738474467e-01 -8.436510308960198934e-01
2.230290680727720520e+00 2.023798487844112870e-01
6.126731825920477270e-01 -1.302302750575335510e+00
-4.855296506709261273e-02 -2.420017937178974954e+00
-7.062701906250126171e-01 9.507753952317896662e-01
4.903478182483465009e-01 -1.438074301611186323e+00
-2.527953600499261988e-01 -2.225096441680899373e-01
-6.138978475579515148e-01 -1.212740280213968624e+00
1.045334388063243747e-01 -6.130975021407379932e-01
4.891948624311269755e-01 -2.180632184122412109e+00
9.718177716613450867e-01 -5.716681294695823423e-01
1.066517222383167818e+00 -6.975281022602186631e-01
3.656779063190364054e-01 -1.362741165987138015e+00
3.275395522240489576e-01 -1.359553161540541399e+00
1.868537179555459504e-01 -2.726282602331676852e+00
1.177426142253752861e+00 -1.401780936208261830e+00
-6.301983469660445980e-01 -5.372177444742258778e-01
9.270163561675781594e-02 -9.480546042038610066e-01
1.729090562177536761e+00 -8.710170892425893596e-01
2.139400684543300457e+00 -2.234825820353652404e+00
1.402341641177549114e+00 -1.684810090940313199e+00
1.292028508181182200e-01 -1.578849664764415461e+00
6.884474678726273389e-01 -9.438346577702545481e-01
-1.651498407833564830e-01 -9.917351304581289995e-02
1.465662439730459843e+00 -2.536243686277223741e+00
2.488252193795599698e+00 8.958891760305831564e-01
2.178779571159650708e+00 -1.179924835812350858e+00
-7.075262151054251269e-02 5.445172693113664586e-02
5.968230530268203715e-01 2.224450703824274456e-01
1.208274978076860240e+00 -2.336096351628724754e-02
1.356366397174401772e+00 -2.934268318080518467e-01
1.010500020720820569e+00 7.858704939058351879e-01
1.126912092703619805e+00 -5.980106365552984027e-01
2.883150697056254153e+00 -2.347759061142446591e+00
-2.704849984857335965e-01 -3.060329184198884445e-02
-1.731234051141599117e-01 9.436211856492926486e-01
5.863810192402526544e-01 -1.747454811440757760e+00
2.922942026480384925e+00 4.805147914344243265e-01
2.867558960426570103e+00 -9.395534172461472711e-02
1.387743149452974611e-01 9.100649530990336800e-01
7.319966290486196181e-01 -1.975436042036048390e-01
1.947251967773747872e+00 -1.155010093090834244e+00
1.614079370346080289e+00 -7.779332843347319670e-02
1.376425531155629489e+00 -2.099400790584194709e+00
1.298238174206056028e+00 3.263858966870303302e-01
3.054321402686345222e-01 -1.149634540327670873e+00
5.648464482783626117e-01 8.492637284793418395e-01
1.672294757012435351e+00 -5.925381637588895689e-01
2.300839255546835993e-01 -4.607508087081827464e-01
3.256673393426239294e-01 -9.681694417256487828e-01
3.641539216211190366e-01 -3.235667050535002698e-01
1.576590816614940938e+00 -1.208298755577994932e+00
1.396006712661645333e+00 -2.093061508730505782e+00
-4.912575927056055392e-01 -5.606082987354630287e-01
1.166673495372529068e+00 -3.649685631078936066e-01
3.383144774863942050e+00 -5.552051300958615876e-02
8.717777455584141411e-02 1.170162880958529605e-01
-3.159074105115211584e-01 -1.461584604814708976e+00
9.317583946753688062e-01 7.133427216493666290e-01
2.552451779515600983e-01 -1.826438538659014288e+00
9.015474755745677138e-01 -1.663478286362107372e+00
2.126635922106506982e+00 -2.079931508363423553e+00
-1.474686524111024077e-01 -1.437820044744434034e+00
5.019675493076951600e-01 9.295320538169857816e-01
1.949420806925760807e+00 -9.124487586148091189e-01
-2.254355188301679913e-01 -1.556370235984528838e-01
-2.153473895647461944e-04 -2.544771096777611596e+00
2.188029792352301772e+00 -6.830573880751503735e-01
1.920858823780819069e+00 -6.812723470569788109e-01
1.856830611902691164e+00 -1.651025593300146976e+00
-3.424284178446468374e-02 -3.184054817183730179e-01
1.965903358261589240e-01 -1.689549777750200654e+00
5.444674964826567987e-01 -9.825208409749432992e-01
6.460060887465159940e-01 -2.374951293418019027e+00
3.563815971671094873e-01 -3.223403152224426638e+00
1.625231451027187468e+00 -2.602057655606747844e+00
-1.043833394284505722e-01 -9.478349207390256437e-01
2.604370036086867124e-01 5.430145954067358005e-01
-2.928569097234485774e-01 -7.329491306508171267e-01
9.607171817725044249e-01 -2.168093497741197417e+00
1.523276660531753812e+00 -1.171546331222248050e+00
1.771790551213667353e+00 -1.764958460362685555e-01
3.163235949280689852e+00 3.365279494363919710e-01
6.308181620575563642e-01 -1.239379177575926416e+00
2.099659595887112928e+00 -3.447362692774021964e-01
1.640131526097591941e+00 -2.616956044310834173e+00
9.756738756010643332e-01 -1.738030909205688701e+00
1.279924599043238187e+00 -1.098150389642957858e+00
1.910178908092591943e+00 -6.827817848086978891e-01
1.786327962108976042e+00 -1.466419096735942951e+00
5.555374408174962308e-02 -1.410049693202548582e+00
9.829795861385594025e-01 -6.208482644449182519e-01
3.259308950690852136e+00 -1.042257151660642700e+00
4.405499950722302493e-02 -1.345981775699386374e+00
5.364040253539057446e-01 -5.185185262265378237e-01
-5.407970144446248018e-01 -9.367380057996682607e-01
1.156506537965375614e+00 -7.678189637997242523e-01
4.026839310346372880e-01 -1.237921729736007004e+00
-4.240609089825315703e-01 -1.493319883362194123e+00
4.571385239832822522e-01 -5.839499537385745009e-01
-1.561824318219127150e-01 -2.188018982900066245e-01
2.494484544491368805e+00 -3.069985025013532542e+00
1.426258730778100947e+00 -3.230919649697544527e-01
3.625629744477709693e-01 -1.397271814328797657e+00
8.671194224130444050e-01 -1.297790879401728326e+00
6.909870309528778343e-01 -2.676003806329976697e+00
2.152331564783120044e+00 7.961859203682108976e-02
1.866357407957971448e-01 -2.466424327802513972e+00
1.521064876452758563e+00 -1.575787969813066125e+00
1.141953163320779563e+00 -1.319328417145095189e+00
1.691538751070186475e+00 -3.052508563439940703e-01
2.744026215364157029e-01 -2.383363955395055633e+00
-5.829383973350819037e-01 -3.896206208927948111e-01
-1.888592577840289000e-01 -1.506816354298687433e+00
4.036859615494918785e-01 -1.052567296269546260e+00
-9.362798058465069406e-01 -8.112214032061714208e-01
1.523891023834205605e+00 -9.115779129553386317e-01
6.891138283015283417e-01 -9.025998337312165498e-01
1.399046345640130085e+00 -3.772592756426650151e+00
2.955912308250693954e+00 -6.099066773120735974e-01
3.475914176129799582e-01 -1.390953375187601093e+00
1.493741777349188560e+00 -1.116103939034366554e+00
-1.030684467781494362e+00 1.064492861359319420e+00
8.894593427675273611e-01 2.017271171579970712e-02
3.079501522156088411e-01 5.363770542457977353e-01
1.286343688892279680e+00 -3.911561655245492375e-01
-4.525336614695474324e-02 2.111452896827008541e-01
1.689818164534788281e+00 3.018462295649984029e-01
3.719124403584210814e-01 -1.481027118460787717e+00
3.303916697683941806e+00 -2.060015822721547263e+00
8.640502993216792049e-01 1.368913626026952990e-01
1.097724967714855504e+00 -4.170463202467064034e-01
6.005509707371248229e-01 -6.299441121524812504e-01
-3.065268517353165745e-01 6.581306796181880525e-01
8.818359548714302942e-01 -1.680178203996850250e+00
1.666383082031914320e+00 -1.460719787388553348e+00
-3.342584714027534432e-01 -2.346717505797555336e+00
1.693773152690132511e+00 -1.159573438146266788e+00
8.662984403315607818e-01 7.774380597626273648e-02
-1.268258087567435410e-01 -1.730677752864824726e+00
6.151201908187244882e-01 -9.056484106829260083e-01
9.578285487094210238e-01 -1.286887192389907675e+00
9.383735979043525965e-01 -1.107305276291174589e+00
2.803956114482071271e-01 -1.812992988554077201e+00
1.274516357723939564e+00 -1.890915082995527907e+00
-1.573552591908535803e-01 -1.312292251125693365e+00
8.423329838361841571e-01 1.256723497298209313e+00
2.952997241437662623e-01 -5.673927503050524290e-02
1.747188334204631932e+00 -2.188944955203735887e+00
1.773252977402599573e+00 -2.183880640193317735e+00
-1.659172237996740851e+00 -3.936804756406192540e-01
-7.558905834377194211e-01 -5.490655381940852120e-01
3.159891022627834278e-01 6.595507961898721128e-01
2.068509399316009301e+00 -1.453385803851387603e+00
3.121623889713176503e-01 -2.214077403094120378e+00
5.590773677074085679e-01 -1.280355495184509085e+00
6.353064556083145575e-01 -8.432961447276360323e-01
1.578521497728878398e+00 -6.503455430068260101e-01
2.358560760935569656e-01 -2.437791473801578235e+00
2.364531848102471301e+00 -1.689449184549937755e+00
3.477064000649808806e-01 -1.521189312301110874e+00
-8.430695501566485284e-01 -1.477974004040486733e+00
5.203441859920523438e-01 -3.796417016564874736e-01
1.698457149107336139e+00 -9.962291109137306755e-01
1.931848374114303546e+00 -6.600350161987380559e-01
9.843178883974452731e-01 -8.390718317017770156e-01
8.093465064186006197e-01 -1.394849514033450255e+00
7.322664631060336049e-01 -2.128011331470006873e+00
1.280441705316295975e+00 -1.993123610929580680e+00
1.841631264073636309e+00 -1.249458580160948795e+00
1.049494981650090697e+00 -5.061632237190436534e-01
1.643314465062927887e+00 -2.570623408633452733e+00
7.930963238360282386e-01 -1.198210879192177503e-01
-6.981058194322544708e-01 -6.127195246049366162e-01
-1.255564229402189369e+00 -2.022506843635603513e+00
1.038630551840188154e+00 -2.656715102321953736e+00
1.448926231584934943e-02 -2.471835007463586642e+00
2.648134932207559800e+00 -8.357722445126660737e-01
1.567290277852669389e+00 -1.222675100515154600e+00
6.465682512428009288e-01 -2.616474188651032762e+00
7.081626372521372392e-01 -1.761492211811623410e+00
1.857923924292336437e+00 1.411018666575734049e-01
2.466578715574177849e+00 -1.474480605387680221e-01
4.901346063077014037e+00 -5.615896985960394439e+00
6.266663181645085956e+00 -4.143707182527711197e+00
3.731461549322969251e+00 -4.144518207256230546e+00
6.314519822487866030e+00 -4.441074410818369955e+00
5.314946328990658664e+00 -5.307648487616355659e+00
4.053465300436611685e+00 -3.699702050659972485e+00
5.190885555228291537e+00 -4.733466661543692666e+00
7.232721186919133238e+00 -3.815498893140809589e+00
5.870825001281102296e+00 -4.357938194812764010e+00
7.019994860765772948e+00 -2.780410692583805243e+00
6.429505111479528523e+00 -3.917775408602075515e+00
3.405396928793855249e+00 -4.376278085766493575e+00
5.369893045806295895e+00 -4.406046770614430841e+00
6.443046087322517934e+00 -7.239677167189556783e+00
4.930687946529815235e+00 -4.230095645059238407e+00
5.033154453947237705e+00 -5.916906113126259470e+00
6.368963486896795700e+00 -4.223128094153872247e+00
4.528895429555515051e+00 -4.185182795484176488e+00
6.321585712049795802e+00 -4.494707353700639452e+00
6.300564803430996896e+00 -4.421739824838338606e+00
5.104771017345645312e+00 -5.659420516399912948e+00
5.414069233028387274e+00 -4.305707061954228365e+00
6.375832761587330921e+00 -4.615107468487226861e+00
5.957415606220990867e+00 -5.464612013733728624e+00
4.717370844172474875e+00 -4.610389299026887322e+00
4.445371536014985914e+00 -3.679752162675318683e+00
5.963130329318607536e+00 -4.220904235607546795e+00
5.838904125215944596e+00 -2.478956438515202532e+00
5.031135812033204147e+00 -6.701441285500557399e+00
5.699300196896465387e+00 -4.550603540961666305e+00
4.982480957489596740e+00 -5.478829859358770094e+00
5.060810478197852014e+00 -4.318661570782178494e+00
4.997183299357462083e+00 -2.087546320456251436e+00
4.539495618366851559e+00 -5.293117362707671525e+00
3.211379959985471544e+00 -4.248515584978463266e+00
3.483593372200239902e+00 -5.039454633374501391e+00
5.224329465439443432e+00 -5.209727965846887798e+00
7.238872677454510907e+00 -3.505605608684501107e+00
6.819136876301575612e+00 -5.382418818549918882e+00
6.628594064514568451e+00 -4.003999053656038143e+00
6.271405948676845199e+00 -3.470561171217232843e+00
4.591236754040947332e+00 -4.924317620977901377e+00
6.362596011328450984e+00 -7.155619092974932371e+00
7.013328082573204725e+00 -3.946867935792416127e+00
5.454296039339765478e+00 -4.279492344242826540e+00
4.470064716691023676e+00 -4.849943364589104355e+00
6.600284338220373748e+00 -3.201978027673778815e+00
8.196224052563579221e+00 -4.573924666280414719e+00
4.841447033194996585e+00 -5.014233965939988380e+00
4.481958124712635438e+00 -4.577854755940850673e+00
5.882732430012268310e+00 -4.534242280531953995e+00
6.596346845665798320e+00 -4.734215801344536345e+00
5.152549347501437005e+00 -5.081268476860325123e+00
3.867365473765504547e+00 -6.067767724308454014e+00
4.320842069362312188e+00 -3.198571928335239178e+00
6.395260272889929709e+00 -3.125035933607009930e+00
4.167788345405497807e+00 -6.468624689786020454e+00
4.839943679865917225e+00 -4.324181046703971631e+00
5.998690274909827203e+00 -3.452027844031947179e+00
5.784279670807214835e+00 -2.757331219344369089e+00
5.277394319051679439e+00 -5.413079218041795926e+00
3.818781784505566712e+00 -5.388971358095449915e+00
5.742117960985122949e+00 -5.388720257353631027e+00
6.436742463535257031e+00 -3.087672293962556935e+00
3.130413094773397020e+00 -3.635947699502351860e+00
3.260395941338263270e+00 -4.098500944909712729e+00
6.724870564193659916e+00 -4.435143893656423586e+00
4.220310826795760306e+00 -5.085431204277772288e+00
5.238354554289099241e+00 -4.682244783789943021e+00
5.297103159233333081e+00 -4.609882779309313783e+00
5.713480048910168918e+00 -5.708573653733221676e+00
5.257980170129780362e+00 -2.981738829644294597e+00
5.115354576857482627e+00 -4.943836093155197453e+00
6.578197303714238053e+00 -7.059184666344096470e+00
6.681378601288285424e+00 -5.131903758005167404e+00
5.663928572452586963e+00 -4.403678644078802940e+00
6.442468119220393419e+00 -4.767594746235348069e+00
4.821974218435549631e+00 -3.202154209348901048e+00
3.135826182858819866e+00 -4.479665818294757074e+00
4.152074577370879815e+00 -5.261573388256558736e+00
7.511256681463136964e+00 -4.544595426455857456e+00
5.695069697151381227e+00 -6.281562855705590920e+00
4.770955341205304734e+00 -4.303442599271215308e+00
5.854757693113217698e+00 -3.883113445606721115e+00
5.508627898917576537e+00 -3.972995791545340438e+00
5.953781912635683682e+00 -6.329740411004530998e+00
5.537005721910149170e+00 -3.732097592267296093e+00
6.089879820734519278e+00 -4.863858809970789565e+00
4.694373492460631958e+00 -5.618311924321631956e+00
5.368945988458587948e+00 -3.366920120440278108e+00
3.548195898518398117e+00 -5.159891729729498167e+00
4.360197544573225947e+00 -3.715042478759500000e+00
4.945690373428699438e+00 -4.970637658154791083e+00
5.283050430063351399e+00 -4.054606749105202468e+00
5.107611001850362875e+00 -7.546143054799927086e+00
6.043311891387519452e+00 -4.060957042327957289e+00
5.280458971668786639e+00 -5.584036620671934514e+00
5.851780110681358060e+00 -4.120764466464413189e+00
5.029967117299125157e+00 -4.716731470575538765e+00
4.569843497475678973e+00 -4.678589092087329426e+00
3.949570654916518819e+00 -4.082681178968164737e+00
4.555631509175706029e+00 -4.261896852167687655e+00
4.094037083732100513e+00 -5.090057645869539904e+00
5.389510594934072252e+00 -6.160699811869263520e+00
5.615147873140092116e+00 -4.879147562879922795e+00
3.757643802190769655e+00 -5.803242754112315716e+00
6.105120084082166443e+00 -3.604444014448676015e+00
5.368091360220033081e+00 -4.095238187959502341e+00
5.723843563312910554e+00 -4.170377017872262115e+00
6.785984007080292812e+00 -6.006998398214271617e+00
6.176460732361623407e+00 -4.882008955577820331e+00
5.275741065748359659e+00 -4.802249730455070420e+00
5.124852883338716580e+00 -5.726196191783019529e+00
5.683339199257601670e+00 -2.829056967211142748e+00
5.443866979551242657e+00 -4.501385042735095432e+00
4.812700962843336150e+00 -4.617474546418111281e+00
5.966166426034030579e+00 -4.870242440704342535e+00
5.046195958947999216e+00 -4.096735459836753357e+00
4.581995230180954337e+00 -4.247503372923127962e+00
6.320321797261422070e+00 -3.140051458320515465e+00
5.409617992723052993e+00 -3.132402760193286451e+00
6.534409886481517660e+00 -5.496212640371066271e+00
4.282061488406848859e+00 -4.804963637854420710e+00
6.528935492594854395e+00 -4.572287007560005279e+00
4.899342442342211612e+00 -2.947756819951439233e+00
5.786904488003346003e+00 -6.820594275790741179e+00
5.817160626292689152e+00 -3.979959385429132190e+00
5.725608654471104231e+00 -4.050287899768007627e+00
5.432724391077018211e+00 -5.818395869644733764e+00
5.129295996779546840e+00 -5.445615795556291161e+00
4.567259089205622402e+00 -5.763068349102275612e+00
5.952489092639646096e+00 -4.402103854587372744e+00
5.051834637319291943e+00 -5.149337927730387676e+00
5.476576894978547827e+00 -3.420805271887510823e+00
3.495784284501084915e+00 -4.123123479149107595e+00
4.954288025982217292e+00 -6.384585844979447700e+00
3.554296916836041209e+00 -5.412783494135291917e+00
5.719509555793044875e+00 -4.106937066019908045e+00
4.561018427322214741e+00 -3.482979008586755576e+00
6.922983496516105895e+00 -4.103913415043439983e+00
4.908597332191889429e+00 -3.375580815489631625e+00
6.255395695663338529e+00 -3.632592588645081833e+00
4.843536325028468426e+00 -7.334554505274702763e+00
7.616791021483675372e+00 -6.110878403449933494e+00
5.464231928139779093e+00 -2.119254648780249717e+00
5.830576756274373551e+00 -3.550753526441764230e+00
3.997603430618287490e+00 -6.277666954733706284e+00
4.967297208020445609e+00 -3.409250265565499927e+00
5.153750552352690306e+00 -5.294636321071498841e+00
5.697967289944967817e+00 -3.418064781522734741e+00
4.055059800926628100e+00 -5.710542994123351868e+00
4.711330745490633909e+00 -3.405361625287908645e+00
5.734821525948731846e+00 -2.367846589429556392e+00
6.436445725831116071e+00 -4.535095176869670119e+00
6.765077838088766171e+00 -4.288502987268121736e+00
4.795078647492554857e+00 -3.820025155754897650e+00
4.803673346138917388e+00 -4.790397100803867048e+00
6.827782695957982817e+00 -4.601281486217398964e+00
4.696858612658371790e+00 -4.964337691435491529e+00
6.521790585588672862e+00 -5.052540673416729078e+00
5.113129153149353456e+00 -5.010292739633628756e+00
5.683925494340310358e+00 -4.885489760375608448e+00
3.898163951027463270e+00 -5.387180941845040039e+00
4.567210958493562067e+00 -3.256680615544845114e+00
6.312674042109042816e+00 -3.912740620600174246e+00
4.994641682735590393e+00 -5.315791541993971414e+00
4.992482398342643179e+00 -5.551880102551674412e+00
7.997200391587007573e+00 -6.745321648371401579e+00
6.064008535073808659e+00 -5.784552297992527237e+00
5.395656508505306981e+00 -5.488001942493734298e+00
4.322371037517369174e+00 -5.640196300934961826e+00
7.254986153742058796e+00 -4.632988422309591847e+00
4.734297805521913816e+00 -3.944213035917127019e+00
5.510349314566298951e+00 -3.779966240658347409e+00
3.675743344062170070e+00 -4.196396095537998860e+00
6.272694837102381626e+00 -6.161598291114563253e+00
5.948195284423312579e+00 -2.803818427171839378e+00
5.485142296645297399e+00 -3.678594062975188983e+00
6.170570450310910005e+00 -5.207505697510576681e+00
5.539766734586494934e+00 -6.066994710861602691e+00
5.048696962897474272e+00 -4.234312025033764471e+00
6.223100493737797834e+00 -4.475387874752088102e+00
6.219983730143165523e+00 -5.602906212955369725e+00
5.398302725445128125e+00 -4.480720615486922576e+00
7.349591246679636924e+00 -4.714166656200084127e+00
5.000983362005817057e+00 -4.478648776156451738e+00
4.580886555130056159e+00 -4.307246150934783913e+00
5.134944783453742723e+00 -6.291327548041183881e+00
5.441413448866138758e+00 -4.817543093930199305e+00
3.867576697932016749e+00 -4.567134154614521435e+00
6.989355962074480288e+00 -3.978696251724286093e+00
6.111927192731157810e+00 -5.841496725583042782e+00
5.976898368922222815e+00 -4.351550418619922311e+00
6.029045238334431289e+00 -4.077371378291174686e+00
4.140219274496185875e+00 -4.541400811557967820e+00
4.742129139574833729e+00 -4.550084094284821745e+00
4.602599073098169846e+00 -3.187529632859003925e+00
4.641027611555657906e+00 -5.398942156465535547e+00
5.574586406543553530e+00 -5.577099069403995024e+00
5.075336697567133903e+00 -5.329964597537961701e+00
2.411172063889611472e+00 4.785803826831172891e+00
9.425304815346053910e-01 3.608782947825983634e+00
1.940917614575113248e+00 4.405204080322888238e+00
1.498052404682856720e+00 3.973807762655749531e+00
-6.882300277714321624e-01 3.887534017440447354e+00
4.675100807909322587e-01 4.645055273459877121e+00
2.011842432994189078e+00 3.342048955238831276e+00
1.468385234277051588e+00 5.735878997685713188e+00
3.322872794294410292e-01 5.681921740073137883e+00
1.474141528293529957e-01 4.022959755607951493e+00
9.888543881581587369e-01 4.011498899870062473e+00
1.623219580920547411e-01 3.408816896235570049e+00
3.322797136406006047e-01 4.326962595404457268e+00
1.330035114510311534e+00 6.225944331738258342e+00
2.370989006291121193e+00 3.490156757861520909e+00
1.324869615796186118e+00 4.997117980791759173e+00
1.030601824338517769e+00 3.930358421553064474e+00
1.051574942769889054e+00 4.867276628808427930e+00
1.516794771947674869e-01 3.674330531179825776e+00
1.470433144846481799e+00 4.311447071554155741e+00
1.239582759856391325e+00 3.630198833696196559e+00
1.972535789142536800e+00 6.133868247204537383e+00
1.406415493676206108e+00 3.806823298450160209e+00
1.755740288894542589e+00 3.460867363247010164e+00
2.503096552971033617e-01 4.032808747613711553e+00
-1.582796632969944550e+00 2.846049636347990575e+00
6.520381440791541694e-01 2.646611141852286408e+00
-3.264310189212960012e-02 3.563251662541992548e+00
-6.429652935306091610e-01 3.593928203740167859e+00
4.647298354671555165e-01 4.025405208385016032e+00
2.154184030494019186e+00 4.172504416492865964e+00
1.021062021342063586e+00 4.099454457030711652e+00
1.227392775121128432e+00 2.983261351390231297e+00
8.852246752292017851e-01 4.308751241836612955e+00
-3.707599825430605289e-01 4.865652922815852932e+00
2.081376034458189750e+00 3.368624011550611197e+00
7.586622085468954779e-01 3.121809657189926757e+00
1.699380483587817015e+00 2.938777712554090815e+00
7.775229897570796744e-01 3.141080092192328532e+00
1.050954277011289406e+00 2.205770728510279000e+00
2.326461642365693194e+00 3.035393575793736254e+00
1.059894683116276104e+00 3.787476955229690745e+00
2.378854880775018721e-01 3.112219863364064754e+00
1.936398543552459550e+00 3.474359406898060332e+00
1.271170184637310907e+00 3.198503114605625086e+00
3.528185681522393313e-01 4.472247150087849121e+00
1.930408496111116312e+00 3.824683597672979829e+00
-4.219198716404368721e-01 5.997956079750004221e+00
1.434506917657905056e-01 2.458412600328212516e+00
3.594424587768151991e+00 3.595967706149062693e+00
-4.617326882614081196e-01 3.316560233211318209e+00
1.367544896022268919e+00 4.190311557593939362e+00
1.482708027464100242e-01 5.822723600127959642e+00
4.784203220066268747e-01 2.815313409588448224e+00
1.960693398460659598e+00 5.329062846539682319e+00
1.825069023837735394e-01 2.598652706960689507e+00
2.030438267415604514e+00 1.952676386942038267e+00
-2.266216593966154935e-01 4.967446150050235154e+00
9.446474519776104639e-01 3.736062651407312085e+00
1.352816606494378293e+00 3.847225576454591511e+00
-2.986867221630902236e-01 5.276075346006187772e+00
2.325014052886815286e+00 4.205332563777959720e+00
1.045134015432010344e+00 6.339624806020058401e+00
7.235671549841627970e-01 3.740423018165960567e+00
1.364481249240505623e+00 5.471321956142338294e+00
2.592770754417483836e+00 3.741427368323228642e+00
1.308331245959345246e+00 2.621916532935922639e+00
6.880238920837871142e-01 3.159709604520693382e+00
-6.831752298983806426e-03 5.681576716267327853e+00
2.077133381938550682e-01 3.468394091988545203e+00
1.365848787916858154e+00 5.297825266973585912e+00
1.481115126388835357e+00 6.759355114021582622e+00
9.253320217488504307e-01 4.258716440229745714e+00
1.275600673984056410e+00 5.435049386789154724e+00
1.507238951109615144e+00 3.883770299612850696e+00
5.251140509312046678e-02 4.244443455961632417e+00
2.401344831291959636e+00 3.589618206342129358e+00
1.528943618416582328e+00 4.246147788684844215e+00
1.863519658381314503e+00 3.195246259362130914e+00
3.346647030526561650e+00 2.720838892971741529e+00
6.344489100139627524e-01 4.938092540905645755e+00
1.296733172494113351e+00 4.829986159081102848e+00
5.038976660174376843e-01 3.925195017319659030e+00
1.012231983638817390e+00 5.569259614535904568e+00
1.690429024383048873e+00 4.796672108364671061e+00
3.420739074632047627e-01 4.968882638563051124e+00
1.225581663568803492e+00 5.389145315677927428e+00
3.014060154918468015e+00 3.693234223972995611e+00
5.936968695549373898e-01 3.135955008897630236e+00
8.564204882836794486e-01 3.617974551049616405e+00
1.359504399571010103e+00 3.855433183066264036e+00
6.384007192183802637e-01 5.064585136127851328e+00
6.211976884854830683e-02 4.433107953151343317e+00
5.940582728115165745e-01 4.724368504869964625e+00
2.385261546722230452e+00 3.696901746575927294e+00
1.441032907273151364e+00 4.178792865733179873e+00
2.005776004569034265e-01 4.240787509741938521e+00
1.289120505278812168e+00 4.412870820446174847e+00
8.016011031799542552e-01 4.094192300310146138e+00
-1.476109448431353055e-01 3.641885924520143369e+00
1.555962679709797847e+00 4.892473887331529880e+00
5.776851758747292287e-01 4.104714029433284672e+00
1.228053325124067285e+00 4.201479946704433033e+00
1.540773585300390103e+00 2.181922369616430490e+00
9.506759298524274371e-01 4.239033601246765315e+00
-3.303489537054282721e-04 5.673985707010709589e+00
1.161559267238168047e+00 5.563404745028929455e+00
2.094769781669227893e-01 3.092699878474673092e+00
1.224252220965681870e+00 2.321311637171343367e+00
1.214965590626093439e+00 4.097219232002918154e+00
2.015665281542101006e+00 4.701041341165097087e+00
5.825226501149660674e-01 2.902503345229755283e+00
2.712305221343296324e+00 3.207884979434850070e+00
-4.552455706946578751e-02 2.915143940538555078e+00
2.117305315536664345e+00 3.481099795575147926e+00
2.462955338193991706e-01 4.137689825903347440e+00
7.930552894427089772e-01 3.321904539213753171e+00
1.753991466978479519e+00 5.065315492097994365e+00
1.985317508939866915e+00 4.766919669661199066e+00
1.402625531130035075e+00 2.224112000038171111e+00
2.669250806376968654e+00 4.301989210357552551e+00
1.608156427600641480e+00 5.114962322947402384e+00
2.433352502881991786e+00 4.418398011309192519e+00
1.435546159295653545e+00 3.400775722540280377e+00
1.033089751138760226e+00 3.145838739185645494e+00
2.800594678581053154e-01 3.106425597685808615e+00
8.439761090027126933e-01 5.049093187920010273e+00
4.170974773290179627e+00 4.189499637547913657e+00
-3.484130877561200101e-01 5.264983329856256056e+00
6.992161235239728878e-01 3.339391406023008102e+00
1.209849477923055305e+00 2.759375400443772719e+00
1.222463164008606773e+00 3.911624476800845240e+00
1.098377906815475757e+00 4.381416254209170802e+00
1.067492257240806763e+00 4.016338084112892837e+00
1.284314518997944576e+00 4.415400626171126497e+00
-3.148246031525769872e-02 2.570008741314551592e+00
9.383619478277852588e-01 2.567264510065891958e+00
1.087531470921670795e+00 4.938746875682309856e+00
1.607111671916045870e+00 2.951829593174526867e+00
1.397375480424811744e-01 4.328301295000755111e+00
5.987021948664899007e-01 3.683344704947892900e+00
1.596906481247953868e+00 3.012713306542347702e+00
5.987652900888176255e-01 3.199917523915398743e+00
-4.312949803535559568e-02 3.142921811328835524e+00
1.677462169346411791e+00 4.051820389482421625e+00
1.208393711649251578e-01 3.768898392407003417e+00
-6.388073071221778143e-01 3.266687192416334540e+00
3.149574534867286779e+00 3.909756150334249281e+00
1.731658927030392370e+00 3.934511624855517198e+00
1.348169235241808650e+00 4.663258089679174212e+00
-1.046165975264707892e-01 3.969063742726040900e+00
2.578865194416488205e+00 3.204499449946708989e+00
4.335601462677807216e-01 3.692308722632998474e+00
1.269024073176246770e+00 4.524917863645882221e+00
2.267411654818656697e+00 4.499498233468659514e+00
9.379468742016660032e-01 5.259167129610814229e+00
1.704111022141582055e+00 2.504320483742983772e+00
3.526368240355998385e+00 5.769921388196733503e+00
8.317857772329259047e-01 4.377910101738475390e+00
2.324358749995838913e+00 3.827799207303117512e+00
1.730351790377019361e+00 5.104578473571476316e+00
-1.482590773444103505e-02 3.397668146417137880e+00
1.921408397810581370e+00 4.460814477148830726e+00
1.923796560313946857e+00 3.867431985346281742e+00
7.109947890457670727e-01 2.001360524416627484e+00
-1.460004265074432706e-01 4.047066094658493540e+00
1.824557219564236554e+00 4.531178366535694835e+00
8.717580259722980118e-01 3.728228433509303219e+00
1.217179632638280218e+00 4.078211181092152415e+00
2.404545514939711914e+00 4.146440770478250215e+00
-4.812459621972984269e-01 2.727441864967683038e+00
2.518759336963579898e+00 2.828839538549919652e+00
1.764497453033533558e+00 3.731627264790618792e+00
8.302417060975144647e-01 3.865867217231580000e+00
2.221384959459198338e+00 3.807158171456035411e+00
9.666807171548470468e-01 2.469196502600507159e+00
1.206690511708003344e+00 4.531042506978059770e+00
1.239145580653786993e+00 5.397896261086735592e+00
1.055171354780231718e+00 4.298977456119017937e+00
2.648504010268179165e+00 2.449985810641852169e+00
5.441746522006312148e-01 5.426158752019266451e+00
1.936129148311082293e+00 4.678380098840470680e+00
1.832650739464478207e+00 4.327066209121022133e+00
2.631597427532271549e+00 4.377759169730717659e+00
1.239867105895278598e+00 4.158958674125643462e+00
1.192863955550385935e+00 2.842982719184131923e+00
1.770673054463343332e+00 3.869560266216672595e+00
2.821915097860405730e+00 3.924349529411577109e+00
1.420918284175656687e+00 4.246602186261334566e+00
3.744429648907466879e-01 4.992136828518505709e+00
2.905063640560017646e+00 3.985222780340155424e+00
6.995212144145777078e-01 3.644971268944626086e+00
-8.923618933173413925e-01 3.822186856296987401e+00
1.250998116008323890e+00 5.054757925180282996e+00
1.960047741149927969e+00 3.583500917563307464e+00
7.231770052261117243e-01 5.123905305614439243e+00
8.265361029271208748e-01 3.489970460244383066e+00
2.392518449434272387e+00 5.037585667050634264e+00
1.018791791774257716e+00 3.406222552221332300e+00
-1.011880319244709003e+00 4.589703605574723788e+00
5.103630277447820163e+00 2.537267990859247924e+00
7.584820527349018349e+00 5.147967791009888217e+00
4.860991806883034450e+00 3.285598617040740965e+00
6.870961782171619348e+00 3.622029383464129726e+00
7.296149867527883082e+00 5.116459312626155054e+00
6.536596520566823720e+00 4.904695455614300315e+00
6.191450872023911423e+00 5.380511199177110626e+00
5.545919637484394649e+00 4.585951973434384321e+00
6.751946587677196021e+00 5.062989718586127452e+00
4.805013194731339254e+00 3.999590332695736272e+00
6.252803505419154639e+00 4.091985290960103328e+00
7.774658560973333188e+00 4.106846805245886856e+00
5.837781552423309428e+00 5.269430178177303858e+00
6.330532743234916104e+00 4.354725542795231163e+00
5.243506471119252055e+00 4.801514057396766511e+00
7.039096440378392217e+00 4.979095224098228911e+00
5.221816478543877871e+00 6.236774956976710804e+00
4.553422109964105680e+00 2.917314358197210744e+00
6.960557224457228465e+00 4.725840478602689743e+00
5.450501453695959952e+00 3.401429272444670637e+00
8.320799839280297761e+00 4.617090872155442227e+00
6.534201170845771678e+00 4.817885097238181480e+00
6.434807957731157657e+00 5.040094460524805697e+00
6.732424009754875982e+00 4.124777599239327408e+00
5.708358013648155094e+00 2.758977191641098337e+00
5.219695593498460795e+00 4.771112796446715265e+00
7.045023375502690755e+00 5.099039526376183851e+00
5.659307656122069652e+00 3.236827087914845968e+00
3.222640854572566660e+00 5.651733974780799308e+00
5.410771013489850567e+00 4.051534993795940842e+00
6.131573967908068745e+00 3.094439952608110111e+00
5.650217819888463389e+00 6.523471949769973577e+00
6.505386938577342626e+00 4.859249156513456569e+00
4.417505522018241315e+00 6.743601894582640810e+00
4.577205091373657275e+00 6.422324755444398292e+00
3.884943984812192497e+00 5.905365438724420102e+00
7.618054269000225531e+00 3.675590878672165385e+00
6.422580372272882698e+00 5.047480572104665164e+00
5.186205516768693791e+00 3.050882389263069427e+00
4.682282656859234393e+00 5.041008219959807413e+00
5.914884397480594025e+00 3.935698966697839474e+00
6.966768011166459829e+00 5.008067909391478167e+00
5.244537273634366947e+00 3.298798480982610748e+00
6.523261738688076683e+00 3.962416631441938009e+00
6.099204862531502513e+00 6.076298972627717454e+00
6.502328240074779941e+00 3.637733000246763382e+00
6.160661189819772510e+00 3.547355047184612253e+00
7.608522155948723942e+00 3.938421250396779261e+00
6.207270746973618358e+00 4.807732574679431714e+00
6.159250468373702603e+00 2.541451044863461295e+00
4.553578936016671186e+00 4.047649724430907980e+00
6.319431833331530690e+00 4.362220785714229443e+00
5.042852526848982997e+00 3.151575680878298868e+00
5.598442455500656223e+00 4.031523955320277075e+00
6.512836457592756645e+00 4.173681537841681610e+00
6.602707656429329219e+00 3.905350230279594825e+00
5.744042330785731565e+00 4.151953620357380359e+00
5.217633033097910378e+00 5.125118656433730102e+00
5.186404002905493194e+00 3.978358490029381134e+00
5.926880354051802691e+00 3.202620344043260125e+00
5.675065041679500766e+00 3.788693640257211559e+00
5.611845807517750195e+00 4.440071997328909781e+00
5.200086376859335502e+00 4.279924220179644578e+00
7.308668752352179609e+00 4.474201441745512930e+00
7.145262173019224505e+00 4.846494442006760828e+00
6.774160609818816070e+00 3.725541031229174127e+00
6.104907165085513121e+00 4.633912922615476049e+00
5.387374261125064123e+00 3.677171675705718457e+00
4.509734612092701767e+00 5.996139636951632212e+00
5.027597110647501921e+00 5.846221073222300113e+00
5.532506826342146411e+00 3.637506700275266347e+00
6.622519140304997443e+00 3.868808058253142779e+00
6.568458918924276801e+00 4.167188235147790465e+00
6.480424496117787037e+00 3.531813936092895290e+00
6.831351057984768715e+00 4.987972682663004420e+00
5.080349309937338020e+00 7.142935721014741723e+00
6.540123026400493700e+00 6.790467070530539218e+00
7.600267818748759119e+00 4.311165219782216340e+00
5.587728245395457094e+00 4.096540816579198996e+00
4.169971449572189570e+00 3.804164880650452663e+00
6.246766023979970939e+00 6.025957560884808828e+00
5.227228117021797793e+00 5.382056599363010285e+00
4.747406658496680976e+00 3.913679974788867533e+00
5.542359405710474363e+00 4.871811081497493312e+00
6.457309646720811536e+00 5.462341744814345645e+00
6.770836960404936988e+00 4.743168215402492116e+00
6.390364943508622275e+00 6.088530691097532532e+00
5.489073818767736590e+00 5.274728319067161664e+00
4.191856073501748270e+00 4.911334242897608782e+00
5.516750457520892326e+00 4.502571182431510444e+00
7.040086245053703173e+00 4.664643809526397789e+00
6.885187541208927620e+00 5.973764815138404849e+00
6.389093968865720896e+00 5.671041064620488292e+00
5.673439022320792446e+00 4.491790117730386278e+00
5.477380583601521913e+00 5.542977594646376183e+00
6.414091353793595296e+00 3.992765538105077283e+00
6.154668833646332438e+00 5.541568388818581603e+00
5.960732008962047246e+00 3.551067189150236558e+00
6.131911755787411877e+00 2.519434408931060076e+00
6.768770644399475067e+00 4.078672412675319769e+00
5.530689263720892868e+00 5.375695678779506714e+00
4.634837122774831286e+00 6.447098642820357384e+00
5.519757958261776842e+00 3.976749056615104916e+00
7.021224743167163496e+00 5.208695273110426349e+00
8.451229719075076474e+00 4.288794016368480122e+00
5.879593361335590629e+00 3.020684020036746631e+00
5.667897722651174419e+00 3.778568704428244107e+00
5.551232986894500954e+00 2.755812243446044807e+00
7.660607559894513585e+00 3.083396517574359397e+00
3.197797201608286954e+00 3.311575578416980470e+00
5.396160447203849131e+00 3.350445936742882047e+00
7.098303540732512573e+00 4.362160821403906041e+00
6.025385604406459095e+00 5.110391764305412643e+00
6.286012526978117521e+00 5.478567297446042872e+00
4.890522446363855025e+00 3.952481899320568370e+00
6.665967146069537996e+00 1.965445537915770036e+00
4.624815520682759029e+00 5.000992232179946484e+00
5.519750965005074228e+00 5.436107550109698039e+00
6.809180296853162950e+00 3.301907119808961788e+00
6.406657087466880895e+00 5.701697855667505976e+00
6.147434401650971658e+00 3.522535122754130832e+00
6.879389941913370166e+00 5.135424526553995506e+00
6.542610783498796323e+00 5.215938893436991464e+00
3.005387139772381033e+00 5.380937561080971321e+00
7.808131810578975873e+00 4.936638474629292617e+00
6.192728996499726968e+00 5.196438673391439167e+00
6.338225473685115574e+00 5.151781261700616454e+00
6.001471000245411247e+00 3.733295145463099818e+00
4.995677287785386333e+00 3.501808271768136027e+00
4.626957449049104554e+00 3.432257988980893515e+00
7.761266127419863103e+00 5.254095663656242365e+00
5.374972609315328498e+00 4.109607306014491535e+00
6.112557530906454595e+00 3.844454970515641890e+00
6.067516857174324763e+00 5.277604137902912385e+00
5.964257266451826744e+00 4.836015742661992078e+00
6.886491539359615999e+00 4.227868243981792062e+00
6.284790599134363553e+00 4.190622407116638470e+00
5.971471130165583396e+00 4.175269734917040232e+00
5.471130146443885067e+00 4.673711852987023185e+00
6.566545315818212103e+00 4.646304446001043864e+00
6.498726958311931590e+00 3.762068219758770038e+00
4.796264807800220353e+00 4.917043502967603175e+00
6.687881391174754775e+00 4.549857266599822481e+00
7.348035780424718943e+00 5.407698797987898764e+00
8.680570840769000540e+00 4.299191486004334095e+00
5.001151203904631970e+00 3.759863209260486450e+00
5.434502193625343480e+00 4.976031383438114908e+00
3.841931436038743097e+00 5.818551018090836635e+00
5.760703408857655639e+00 4.253206442211248550e+00
4.920656833975004751e+00 4.385774448549820015e+00
6.013239767667533542e+00 4.378055072399722469e+00
6.339059255942430582e+00 3.910367958048970305e+00
5.104184239589172556e+00 5.048328130497980126e+00
6.098667453815795447e+00 4.697181055197367172e+00
7.059027254441966548e+00 3.477435608739314343e+00
5.144759542749135939e+00 5.757219650828994340e+00
4.517116642425957451e+00 3.190587853668986007e+00
6.817861831184996113e+00 4.738200192022038237e+00
6.105232137059275921e+00 4.408340591899617245e+00
6.031267547027569620e+00 4.407887885308044318e+00
7.355442702594418236e+00 4.101851871249924564e+00
5.838626463722221160e+00 6.294448805225073329e+00
6.027509702029835381e+00 6.732016389525178113e+00
5.895020298981046736e+00 5.867414982460158690e+00
4.344655961690322421e+00 4.653644460815666406e+00
4.415526436849064318e+00 5.344454306604585980e+00
4.787132183790975049e+00 4.783769554383345834e+00
5.717804123309564446e+00 3.341796814815971128e+00
4.380640017102457762e+00 3.988959536419890206e+00
7.740629445895330640e+00 4.206514945110622961e+00
6.917221542115855826e+00 4.442957132337811643e+00
6.876726773690452710e+00 2.673088621695482558e+00
5.596811693150466560e+00 5.449405523793219075e+00
5.836745051166821519e+00 4.413544717288952590e+00
5.569538088114207142e+00 5.649379383367124419e+00
6.297514353954945854e+00 4.544022276175348374e+00
6.643054545339293071e+00 5.088224929117936668e+00
6.212587046437536564e+00 6.047031496990844524e+00
5.939712466360880683e+00 4.778081047967943640e+00
5.357047446647109190e+00 4.650115227006129004e+00
7.587761523745367498e+00 3.856742398211260969e+00
4.866407174361540910e+00 5.496759642819815994e+00
5.851233847766320828e+00 4.596004204969769802e+00
5.954886696306664895e+00 4.579121723929534760e+00
6.850530683523437858e+00 3.660875809400726322e+00
4.988225915894511253e+00 4.584968137037707336e+00
4.393560310550167713e+00 3.126946463958071298e+00
7.866683148331627073e+00 5.257468330061404238e+00
5.989943528130985406e+00 5.738006935958440025e+00
4.959400769914855012e+00 4.184396876614141725e+00
6.623453609424382549e+00 5.390671681431395079e+00
6.512916846827776496e+00 1.958761192311775368e+00
5.031917882335422476e+00 4.977068092356865314e+00
5.644048506953193822e+00 7.040231620759171527e+00
6.926558300967096571e+00 5.058081880618665593e+00
4.883050446253276888e+00 4.464703260397084428e+00
6.241203964218952294e+00 5.627783630127802361e+00
6.881131097099632221e+00 5.532989194519945642e+00
5.076087984189998181e+00 5.912151698298631075e+00
4.619569247692730585e+00 3.964085438333838418e+00
9.430771134945642231e+00 -1.498915917331393177e-01
7.993963142079608453e+00 -8.215498256031326108e-01
7.451745677150957370e+00 5.319746390071913300e-01
1.026056884504214928e+01 -1.003935034013660188e-01
8.599651184986576880e+00 -1.472322928466489600e+00
9.913201924252177832e+00 2.211304333239493047e+00
7.202544195633102220e+00 -1.063432938154606822e+00
8.320406957455855235e+00 -5.643179096824889607e-01
9.227345950143481801e+00 1.614249547280227404e+00
1.000859728686010364e+01 5.275973827743158928e-01
8.276071295941397565e+00 -1.119628233680454388e+00
8.203224693693698555e+00 1.548066801378738644e+00
8.938256698542099699e+00 -4.468362536626211967e-01
8.816244269750008300e+00 8.246182196384677088e-01
7.687150325450208044e+00 1.414874135922422393e+00
9.156476256946298520e+00 -2.163439782957261026e-01
9.442846113746739434e+00 2.183970731299370305e-01
8.655803543532618605e+00 -2.527106720416066876e-01
8.131137453134048343e+00 6.563907508593024298e-01
8.468006190588837967e+00 -9.562584224322827620e-01
9.165863522653538098e+00 1.329141282745553321e+00
8.951655376220180926e+00 -6.081012569516899280e-01
9.403896020835974312e+00 1.936712462402552015e+00
7.548094470568252667e+00 3.822027877852935962e-01
9.205086625231853503e+00 1.161533803559117173e+00
9.990909173684844546e+00 -1.867091118097792268e-01
7.315482744575117380e+00 8.065637678962596091e-01
8.164807309808516322e+00 -9.467404109571895265e-01
1.014835058069112605e+01 -9.108503776386525086e-01
1.040284474010024240e+01 3.358447214053130181e-01
9.319118400086281895e+00 3.072647805055910286e-01
7.361576374258207878e+00 -1.776388616346575855e+00
9.215553053788685389e+00 5.680073592264200943e-01
9.082611032156201247e+00 -8.215345170195275104e-01
9.018922103882195174e+00 -8.203415314548415105e-02
8.042841901724589349e+00 1.013972154112161350e+00
7.269723938449914158e+00 5.887424068075064465e-01
9.384323405211246083e+00 1.009711854811714327e+00
7.994688127651141230e+00 1.014071466682110040e-01
1.117116494931816639e+01 6.620742889997063285e-01
9.100581208728963034e+00 5.391612741141965648e-01
9.086176842380119467e+00 2.190898013239840125e+00
9.983636195789179268e+00 -8.561495423049708675e-02
9.252331431384520855e+00 -3.907979960810135656e-01
1.020985012641030565e+01 -1.406104771391010866e+00
7.395261470139012694e+00 1.458714749675993572e+00
1.115311979257058184e+01 4.683049076895917096e-01
9.112737941235737438e+00 6.572676903047772745e-01
8.352946473617240741e+00 1.712435451522124896e-01
9.038908705856215420e+00 6.265642507453605958e-01
7.442001471816603875e+00 -5.070347697653374563e-01
9.844995603000837647e+00 -6.755938276300630374e-01
8.006638624576865482e+00 2.042072149826954064e+00
9.038118000179400369e+00 -5.789181399432078434e-01
7.307629562525891131e+00 7.293463462804261610e-01
9.699136153718693976e+00 -2.987596005699359458e-01
7.897769809092909377e+00 -2.454942364237903615e-02
8.164143932518378222e+00 -9.420935888731158947e-01
8.896787248538291948e+00 -1.051390398660064562e+00
9.246648955252446456e+00 6.079925094063972635e-01
8.160367552826809145e+00 -1.368245095338390671e+00
1.056127959895580659e+01 -9.402702359572048252e-01
8.340057294897661677e+00 2.130171674298873552e-01
9.599369372522296828e+00 -2.563168936896427774e-01
9.460794327701256279e+00 -4.009861578964010187e-01
8.028829335175609927e+00 1.426316860787027352e+00
1.148844161433112809e+01 1.695969533014169306e+00
9.141806639153454483e+00 1.833435361815678455e+00
9.355703515723984509e+00 -4.772862704032293513e-01
9.466379574381978301e+00 -9.439250641118496210e-02
8.016881816254292303e+00 -8.983219714320159754e-01
9.802051738740516384e+00 -1.846531981664673028e+00
9.604136740442683617e+00 -1.629583602748438276e+00
6.878823555097564046e+00 -1.838846603758498510e+00
1.096676397193473917e+01 -1.962339649435420053e-01
9.086583180165419549e+00 1.419255045910951196e+00
9.934179748499724738e+00 -1.391505269404219591e+00
9.869006342818760658e+00 1.841812647035462880e-01
8.658321902404120252e+00 2.429091413778038805e-02
1.027981202062802168e+01 -8.859664820409528518e-01
9.400885679104121095e+00 -9.657236532908345522e-03
7.202835384604381552e+00 -8.022531717308107879e-01
9.193213553233697155e+00 1.297342089092890616e+00
1.000133101734672891e+01 5.972125044034249930e-01
8.184724338863540893e+00 1.801213990808534948e+00
9.215240467639612021e+00 -1.006365521678550312e+00
8.817095019143048162e+00 8.962484253561593395e-01
9.007617498318158056e+00 8.868646865827609638e-01
1.010369395746215027e+01 4.005306845987061659e-01
8.142297376953106181e+00 1.354546631899805342e-01
9.045165855938831712e+00 1.859346333851628286e+00
7.373678062173169678e+00 -1.348224510943540622e-01
8.415906453205080240e+00 3.351056201959988767e-01
6.562435640800643455e+00 1.114924559490279909e+00
9.013748487335533355e+00 -1.844701163628046148e+00
8.638886865260133163e+00 6.089623416545242307e-01
7.408552124541968098e+00 3.222216443155699172e-03
7.942526352198470363e+00 -5.559850318789673063e-01
9.026738382674636796e+00 1.834502535815762947e-01
8.529257501817273379e+00 2.727963895302641384e-01
9.817977607254805505e+00 -2.789142751032397949e-01
1.043156775744929021e+01 1.462214170780419487e+00
8.571297934414170427e+00 -6.378405564735842859e-01
7.335827014833826709e+00 -1.265693316393898538e-01
8.636562219883948899e+00 7.790512201329915509e-01
7.490338393931700978e+00 -2.773913917431098386e-01
9.968744393111144575e+00 -7.303570955579599122e-01
8.237638463272389799e+00 -1.446940334755808522e+00
1.162057384601823884e+01 -7.474731780653793844e-01
7.699653167781661089e+00 -8.038504040315199717e-01
8.225704919513194824e+00 -2.693897784512402915e-01
9.825372232087515201e+00 -2.983231689958337207e-01
8.077176685003172096e+00 -1.451338498191025117e+00
9.021857358219872225e+00 4.253907402979072161e-02
1.053093235102882375e+01 9.244773546980858403e-02
8.900991688715922834e+00 -1.050653836587489565e+00
8.694047424901608423e+00 -4.384744580346060516e-01
8.629835835486296958e+00 -9.592553926405882336e-01
9.538329603276176627e+00 -1.424454175093693709e-01
8.799646519995013350e+00 -1.714046116048996371e+00
9.493644087524863551e+00 4.870153259803794432e-01
8.160870597157785511e+00 9.901213838791936839e-01
7.635241769917567645e+00 -2.186990878907987476e-02
8.728792660109835566e+00 -1.317174788805794305e+00
9.189702612079996058e+00 1.702570152241791313e+00
9.067634230066920153e+00 -4.630217541090509425e-01
9.447024156885678536e+00 1.057199954671549369e-01
9.027762131625500786e+00 -4.255422127714480474e-01
1.042197555929246455e+01 4.563633634807853778e-01
8.471329341064510743e+00 -1.080038367809579292e-01
8.259133295795926699e+00 -6.082911500814950356e-01
8.359274275809800869e+00 -1.134311593722227451e+00
9.777276963767954854e+00 -2.910414632730257689e-01
9.554127578326768955e+00 -6.701258977272964712e-01
8.939637505607661794e+00 -7.110405967911112013e-01
9.719668170537332230e+00 -2.484193067050382286e-01
8.269126414048614038e+00 -1.641703228809784143e+00
9.275666549340774836e+00 -7.083850523381071129e-01
8.984220782879004830e+00 -4.917301080135276226e-01
9.954189580898765044e+00 5.441447523580079659e-01
9.447212087454831320e+00 -6.161211233234792362e-01
9.466290043550189992e+00 1.714831608676042896e+00
8.167813965849937574e+00 1.723391392291887814e-01
7.350783025582868113e+00 1.398562092125535505e+00
8.602087901409158022e+00 7.825788808419774645e-01
7.276771749283676982e+00 1.797539387125904664e+00
8.643128471974401705e+00 5.456573234700274888e-01
9.150818206332594684e+00 -2.554707861877694164e-01
1.068579230265930313e+01 -1.648046206366179822e+00
9.298713659992008829e+00 9.106456722299702822e-01
8.970143878363634471e+00 -1.181707843665917995e-01
8.857312287926534466e+00 -1.227636420410407991e+00
9.038127384094934769e+00 5.127175234723987396e-01
9.068599227480660829e+00 -2.722761011450806068e-01
8.510274977626973936e+00 -2.792966692783721561e-01
1.025774421749603782e+01 -2.086634979420542546e+00
9.040071456547774886e+00 -3.277549172964167590e-01
1.045580795183684408e+01 5.549222544380277150e-02
1.048492559869995411e+01 -2.123890018045559103e+00
9.459584904834056118e+00 2.800578600376801286e-01
1.039053396707393873e+01 -1.641348608823029132e+00
8.844964191881674154e+00 6.606026178649258840e-02
8.504204505454790564e+00 1.216577713742940325e+00
8.661317814554601924e+00 2.034762544021153641e+00
1.005417790893892338e+01 9.508336970037996050e-01
9.559298981390885075e+00 -1.063695591025547893e+00
8.568903662489242734e+00 5.727513668572158378e-01
9.677557033587717683e+00 1.307183845081257401e+00
8.532558990374093710e+00 -8.601533849246632002e-01
9.859104192785530074e+00 -8.096265760401126776e-01
9.873311836070412184e+00 1.199736176415037825e+00
9.456153035827055575e+00 -3.575790319685979157e-01
9.041082226143879907e+00 5.934659196032391337e-01
9.010185518712074071e+00 2.198296338670492567e+00
8.009329069372851606e+00 -1.002668587369790920e+00
8.023104613264674612e+00 -5.895799225452156289e-01
6.821068479805090234e+00 -6.296504269401812515e-01
8.346715298072110656e+00 7.851402517417628568e-02
9.417800583206082266e+00 -1.240216336407770292e+00
9.900054242764072754e+00 1.802242229790547157e+00
8.791714896905004295e+00 1.574371237475571617e+00
9.198989494405187983e+00 1.988731918595391113e+00
1.011728346568819070e+01 -1.563904634839766272e+00
9.018627370661356224e+00 1.054324974904077727e+00
9.030546581040617582e+00 -3.688353084506694468e-02
1.026976475031430347e+01 -7.098541821461039625e-01
9.017515613278218822e+00 3.236257646091186824e-01
8.666209039646435741e+00 -2.012910387753747560e-02
9.775023263224170478e+00 4.328376214999939409e-01
8.191282468020466112e+00 -1.104123985799261742e+00
8.210897819743349757e+00 1.248455788486605312e-03
8.840060212242956794e+00 -8.319574932171247550e-01
8.401849547483514868e+00 -1.520039285192063661e+00
9.417853703217325290e+00 -4.001872535163292222e-02
7.740212656594730234e+00 2.862050418778281854e-02
1.034262201051035390e+01 -7.399358529652596550e-01
1.031513766572097168e+01 -3.234574724834238246e-01
9.197828167849868564e+00 9.775080242218528448e-02
1.040152341600524544e+01 1.584338467855317123e-01
7.858098580796153421e+00 -1.310970370441212340e+00
