-1.540000000000000036e+00 1.169999999999999929e+00 6.400000000000000133e-01
5.410000000000000142e+00 3.450000000000000178e+00 -1.330000000000000071e+00
1.550000000000000044e+00 9.899999999999999911e-01 2.689999999999999947e+00
1.860000000000000098e+00 3.189999999999999947e+00 1.510000000000000009e+00
1.679999999999999938e+00 1.790000000000000036e+00 -8.699999999999999956e-01
3.509999999999999787e+00 -2.200000000000000011e-01 -1.389999999999999902e+00
1.399999999999999911e+00 -4.400000000000000022e-01 -9.200000000000000400e-01
4.400000000000000022e-01 8.299999999999999600e-01 1.969999999999999973e+00
2.500000000000000000e-01 6.800000000000000488e-01 -9.899999999999999911e-01
6.600000000000000311e-01 -4.500000000000000111e-01 8.000000000000000167e-02
