2.099999999999999922e-01 2.999999999999999889e-02 -2.209999999999999964e+00
3.699999999999999956e-01 2.800000000000000266e-01 -1.800000000000000044e+00
1.799999999999999933e-01 1.219999999999999973e+00 1.600000000000000033e-01
-2.399999999999999911e-01 9.300000000000000488e-01 -1.010000000000000009e+00
-1.179999999999999938e+00 3.900000000000000133e-01 -3.900000000000000133e-01
7.399999999999999911e-01 9.599999999999999645e-01 -1.159999999999999920e+00
-3.800000000000000044e-01 1.939999999999999947e+00 -4.799999999999999822e-01
2.000000000000000042e-02 7.199999999999999734e-01 -1.700000000000000122e-01
4.400000000000000022e-01 1.310000000000000053e+00 -1.400000000000000133e-01
4.600000000000000200e-01 1.489999999999999991e+00 6.800000000000000488e-01
