1.580000000000000071e+00 2.319999999999999840e+00 -5.799999999999999822e+00
6.700000000000000400e-01 1.580000000000000071e+00 -4.780000000000000249e+00
1.040000000000000036e+00 1.010000000000000009e+00 -3.629999999999999893e+00
-1.489999999999999991e+00 2.180000000000000160e+00 -3.390000000000000124e+00
-4.099999999999999756e-01 1.209999999999999964e+00 -4.730000000000000426e+00
1.389999999999999902e+00 3.160000000000000142e+00 2.870000000000000107e+00
1.199999999999999956e+00 1.399999999999999911e+00 -1.889999999999999902e+00
-9.200000000000000400e-01 1.439999999999999947e+00 -3.220000000000000195e+00
4.500000000000000111e-01 1.330000000000000071e+00 -4.379999999999999893e+00
-7.600000000000000089e-01 8.399999999999999689e-01 -1.959999999999999964e+00

