1.580000000000000071e+00 2.319999999999999840e+00 -5.799999999999999822e+00
6.700000000000000400e-01 1.580000000000000071e+00 -4.780000000000000249e+00
1.040000000000000036e+00 1.010000000000000009e+00 -3.629999999999999893e+00
-1.489999999999999991e+00 2.180000000000000160e+00 -3.390000000000000124e+00
-4.099999999999999756e-01 1.209999999999999964e+00 -4.730000000000000426e+00
1.389999999999999902e+00 3.160000000000000142e+00 2.870000000000000107e+00
1.199999999999999956e+00 1.399999999999999911e+00 -1.889999999999999902e+00
-9.200000000000000400e-01 1.439999999999999947e+00 -3.220000000000000195e+00
4.500000000000000111e-01 1.330000000000000071e+00 -4.379999999999999893e+00
-7.600000000000000089e-01 8.399999999999999689e-01 -1.959999999999999964e+00
2.099999999999999922e-01 2.999999999999999889e-02 -2.209999999999999964e+00
3.699999999999999956e-01 2.800000000000000266e-01 -1.800000000000000044e+00
1.799999999999999933e-01 1.219999999999999973e+00 1.600000000000000033e-01
-2.399999999999999911e-01 9.300000000000000488e-01 -1.010000000000000009e+00
-1.179999999999999938e+00 3.900000000000000133e-01 -3.900000000000000133e-01
7.399999999999999911e-01 9.599999999999999645e-01 -1.159999999999999920e+00
-3.800000000000000044e-01 1.939999999999999947e+00 -4.799999999999999822e-01
2.000000000000000042e-02 7.199999999999999734e-01 -1.700000000000000122e-01
4.400000000000000022e-01 1.310000000000000053e+00 -1.400000000000000133e-01
4.600000000000000200e-01 1.489999999999999991e+00 6.800000000000000488e-01
-1.540000000000000036e+00 1.169999999999999929e+00 6.400000000000000133e-01
5.410000000000000142e+00 3.450000000000000178e+00 -1.330000000000000071e+00
1.550000000000000044e+00 9.899999999999999911e-01 2.689999999999999947e+00
1.860000000000000098e+00 3.189999999999999947e+00 1.510000000000000009e+00
1.679999999999999938e+00 1.790000000000000036e+00 -8.699999999999999956e-01
3.509999999999999787e+00 -2.200000000000000011e-01 -1.389999999999999902e+00
1.399999999999999911e+00 -4.400000000000000022e-01 -9.200000000000000400e-01
4.400000000000000022e-01 8.299999999999999600e-01 1.969999999999999973e+00
2.500000000000000000e-01 6.800000000000000488e-01 -9.899999999999999911e-01
6.600000000000000311e-01 -4.500000000000000111e-01 8.000000000000000167e-02

